111
964
202
562
471
444
384
629
738
470
180
805
867
414
238
568
418
399
495
615
279
608
356
393
717
819
74
185
692
166
813
751
775
462
18
95
666
658
423
723
509
437
971
115
290
35
674
904
550
179
4
114
835
474
536
685
596
940
641
392
278
746
65
268
780
607
480
187
870
718
174
528
461
884
235
952
987
938
256
232
398
621
89
129
823
76
772
668
891
616
370
561
711
429
255
676
799
374
640
853
260
357
875
116
902
427
288
749
505
575
251
243
755
584
841
215
721
859
687
922
333
931
948
11
783
801
792
208
119
332
273
383
465
896
78
816
659
691
191
617
627
869
106
264
481
176
522
349
579
339
477
372
305
218
656
995
652
160
57
327
953
513
239
499
112
7
81
442
961
167
130
14
603
661
705
829
63
281
486
571
411
683
226
490
958
671
254
122
611
408
903
223
798
748
334
265
175
389
538
375
240
815
912
697
552
928
807
198
60
286
146
941
766
450
546
635
326
258
745
346
67
655
120
872
348
887
856
924
983
974
768
124
861
391
347
963
834
404
16
118
514
947
847
619
873
590
204
284
266
943
325
182
453
588
485
968
147
292
649
496
51
817
203
196
170
304
678
300
951
918
866
308
844
128
237
17
733
637
313
132
62
377
863
328
315
682
476
525
889
466
907
407
684
643
838
443
482
811
581
653
319
888
754
205
849
966
400
270
930
605
433
786
836
420
909
25
962
840
502
710
624
31
352
789
555
741
64
497
747
521
592
415
743
94
543
285
523
927
773
864
143
406
231
373
632
601
207
923
430
459
793
654
350
431
696
277
515
724
712
879
210
446
808
716
363
914
217
726
382
934
42
388
449
547
871
975
713
542
972
390
250
38
150
311
636
921
586
631
494
6
848
598
49
707
56
693
517
298
30
736
626
900
66
483
386
868
985
769
982
527
939
460
784
247
650
501
342
573
752
34
994
262
412
530
295
695
804
10
925
234
1
364
585
452
12
647
87
133
806
236
642
282
469
677
609
432
137
50
689
744
309
587
100
354
725
230
969
440
323
183
885
739
688
991
225
531
8
99
48
703
171
28
43
919
761
397
946
330
229
764
200
892
851
960
161
828
55
785
973
839
394
788
127
157
37
549
599
353
732
75
945
267
426
109
576
574
464
72
644
164
121
294
794
965
181
648
410
767
351
135
435
125
211
706
70
303
468
378
663
883
797
908
126
876
297
664
337
669
898
369
310
487
843
92
926
613
190
762
86
165
503
103
957
728
620
673
33
344
506
283
401
456
610
73
96
600
980
878
312
209
455
151
123
787
307
163
776
39
306
173
343
216
881
833
742
90
424
858
899
340
704
360
895
791
735
83
583
553
734
27
519
317
821
222
197
639
498
13
810
782
657
557
625
199
714
854
667
3
976
131
612
93
296
670
361
535
758
441
82
45
257
781
759
58
852
291
46
959
189
451
559
156
865
911
246
529
628
770
413
906
302
803
818
113
645
172
362
566
186
385
241
564
614
660
551
458
77
802
622
593
387
719
630
395
5
85
220
59
358
760
492
1000
877
71
698
672
512
438
993
168
979
774
261
140
665
520
322
184
917
379
541
988
720
253
98
91
149
280
882
244
955
321
108
195
371
675
796
737
932
539
97
380
812
68
986
567
874
145
756
329
263
544
534
820
638
139
618
336
554
228
597
681
842
679
84
936
402
15
846
511
602
556
155
2
837
29
484
36
937
591
845
242
287
23
478
178
252
989
105
314
516
467
9
533
338
479
606
699
80
524
970
795
47
227
447
560
905
26
24
504
694
79
104
790
916
827
367
249
335
897
366
779
436
680
405
920
214
233
708
316
299
463
274
22
518
275
580
540
212
359
740
646
578
956
301
152
954
224
702
416
61
169
381
890
577
177
269
886
425
915
355
860
855
289
148
138
428
978
493
651
158
984
489
967
271
248
110
753
545
990
996
893
701
757
690
445
814
942
434
992
201
850
662
272
935
448
206
153
19
582
634
365
998
0
102
862
52
134
320
594
563
822
20
750
548
457
526
318
950
341
910
188
880
117
141
913
192
159
604
857
944
69
771
491
824
54
475
439
194
722
221
193
997
331
417
777
368
472
729
40
589
219
949
730
763
901
977
376
595
213
686
293
929
162
510
508
88
259
623
700
409
276
831
569
507
144
731
136
825
488
421
894
933
532
324
53
454
709
473
142
565
422
778
765
500
981
570
830
809
101
633
403
800
727
345
21
715
832
32
396
419
537
558
41
107
44
572
999
826
154
